0 1.1179214786656115e-04 2.4763013696261025e+12
1 3.5703411935029619e-05 8.6480908918039297e+12
2 1.4374013161137299e-05 9.1671359902451685e+11
3 7.8461397007403091e-06 1.8765500348792910e+13
4 3.7462892305815344e-06 1.3075254820308542e+12
5 2.2666580091819133e-06 6.5225751348053882e+11
6 1.6252289241805178e-06 4.6773145078666094e+13
7 1.2077888175559807e-06 1.1701454356250646e+13
8 9.2869150798350150e-07 1.1273721377471609e+14
9 7.6203804464129469e-07 1.2546826492414124e+12
10 5.6803877741107373e-07 1.5945698749282809e+14
11 4.0683223688872529e-07 1.6970414610470396e+13
12 2.1805946418580332e-07 3.4916728822489800e+14
13 2.0973127765845606e-07 2.8808194030873850e+14
14 1.8096449386746449e-07 6.7421665276337781e+13
15 1.5046174378485746e-07 2.3096278650111875e+13
16 1.3884674003837095e-07 5.9564535725278486e+12
17 1.3746802174649429e-07 3.3671492725402043e+13
18 1.0100880944689815e-07 6.9873299369876729e+12
19 8.4833200457326800e-08 4.7712351909946960e+11
20 7.7756309009825735e-08 1.0557197650438269e+14
21 7.2178355616484360e-08 3.8415266211523735e+12
22 6.7682104733488647e-08 6.9304660609347088e+14
23 5.7063984438617763e-08 1.1958215390744910e+12
24 4.7933476208299050e-08 7.0216311521043325e+14
25 4.2620705308259943e-08 4.9546129729801781e+14
26 3.9898882976402573e-08 1.2928850393509028e+14
27 3.6106010287442995e-08 2.2704190051982428e+14
28 3.4396779399040960e-08 5.3143505845241260e+12
29 3.1095611552058542e-08 4.3960639440882694e+14
30 2.9816119292261004e-08 2.1495672572451041e+14
31 2.9009182945129289e-08 1.3758516626576962e+15
32 2.4370517231021369e-08 2.6465979343586662e+14
33 2.3537313806780103e-08 1.7939902702127672e+14
34 2.1851804202937715e-08 1.1979839350496148e+15
35 2.0570663563471686e-08 5.6581021176027844e+13
36 1.9287280798195598e-08 1.8571109359102852e+13
37 1.8089771523152031e-08 1.5687779191993303e+14
38 1.7351722928321524e-08 2.1667008215743426e+13
39 1.6055637156552393e-08 1.9368712422290930e+15
