0 1.1179214786656115e-04 7.6546962501218860e+11
1 3.5703411935029619e-05 1.8636932909315308e+12
2 1.4374013161137299e-05 1.3785911640104169e+11
3 7.8461397007403091e-06 8.5669892166575141e+13
4 3.7462892305815344e-06 1.2589119292575456e+14
5 2.2666580091819133e-06 1.9652245302494909e+14
6 1.6252289241805178e-06 1.5425018271238938e+14
7 1.2077888175559807e-06 1.0500646138134626e+15
8 9.2869150798350150e-07 5.5747708227959719e+14
9 7.6203804464129469e-07 9.2655173908637025e+14
10 5.6803877741107373e-07 2.4102053721535023e+13
11 4.0683223688872529e-07 1.0002888639927855e+13
12 2.1805946418580332e-07 2.7035818249668747e+14
13 2.0973127765845606e-07 1.1746266736779168e+15
14 1.8096449386746449e-07 2.0152735537603144e+14
15 1.5046174378485746e-07 4.5980323870974275e+14
16 1.3884674003837095e-07 1.8530747069470258e+13
17 1.3746802174649429e-07 1.1314811241763292e+14
18 1.0100880944689815e-07 2.7215597837114945e+13
19 8.4833200457326800e-08 2.4760158711021987e+12
20 7.7756309009825735e-08 1.5651144759183662e+14
21 7.2178355616484360e-08 1.3342794949912016e+14
22 6.7682104733488647e-08 1.9600885283785715e+15
23 5.7063984438617763e-08 2.2139470801231550e+14
24 4.7933476208299050e-08 1.7888467820021885e+15
25 4.2620705308259943e-08 2.2158449938821516e+13
26 3.9898882976402573e-08 4.6930913151481319e+14
27 3.6106010287442995e-08 1.0506988784568512e+15
28 3.4396779399040960e-08 6.3421457428813825e+14
29 3.1095611552058542e-08 3.2767339401928496e+13
30 2.9816119292261004e-08 2.0270843582311362e+14
31 2.9009182945129289e-08 2.9503470909437994e+14
32 2.4370517231021369e-08 1.9423460372734462e+15
33 2.3537313806780103e-08 4.7785971706074920e+15
34 2.1851804202937715e-08 2.0339858330059365e+15
35 2.0570663563471686e-08 5.0091123709101387e+12
36 1.9287280798195598e-08 1.4950576301327394e+14
37 1.8089771523152031e-08 1.9504142856169832e+15
38 1.7351722928321524e-08 8.7020244150252275e+14
39 1.6055637156552393e-08 6.3919018588755633e+13
