0 1.1179214786656115e-04 6.2163667136838604e+12
1 3.5703411935029619e-05 2.2805351311597195e+13
2 1.4374013161137299e-05 8.2866828765457217e+12
3 7.8461397007403091e-06 9.1027683201654703e+13
4 3.7462892305815344e-06 3.4056110638726469e+14
5 2.2666580091819133e-06 1.4606047486146103e+14
6 1.6252289241805178e-06 1.4862937996981426e+13
7 1.2077888175559807e-06 1.3514356118656675e+15
8 9.2869150798350150e-07 7.2767101910038325e+14
9 7.6203804464129469e-07 8.3572953614398725e+14
10 5.6803877741107373e-07 4.7524951834677231e+10
11 4.0683223688872529e-07 1.2960973534106278e+15
12 2.1805946418580332e-07 2.2341823333640022e+14
13 2.0973127765845606e-07 3.3503305945652719e+14
14 1.8096449386746449e-07 4.5924623037705055e+13
15 1.5046174378485746e-07 1.0310771719530080e+16
16 1.3884674003837095e-07 8.4186543983129150e+14
17 1.3746802174649429e-07 2.2468084462456632e+15
18 1.0100880944689815e-07 2.9619038342953656e+14
19 8.4833200457326800e-08 3.7174765047740469e+14
20 7.7756309009825735e-08 4.0553160791617010e+15
21 7.2178355616484360e-08 7.3382985273764016e+13
22 6.7682104733488647e-08 2.6673630827078960e+15
23 5.7063984438617763e-08 4.1856594997614375e+14
24 4.7933476208299050e-08 7.3735709031535460e+15
25 4.2620705308259943e-08 2.6308894614242915e+15
26 3.9898882976402573e-08 7.6732636663090300e+14
27 3.6106010287442995e-08 2.9728215843313825e+15
28 3.4396779399040960e-08 2.2435049519401752e+15
29 3.1095611552058542e-08 3.8613350697650562e+12
30 2.9816119292261004e-08 5.9596935772689720e+15
31 2.9009182945129289e-08 2.8502264697644425e+15
32 2.4370517231021369e-08 3.3291399973065975e+15
33 2.3537313806780103e-08 1.3336905073871472e+16
34 2.1851804202937715e-08 2.4514845460214153e+14
35 2.0570663563471686e-08 3.2867720019995649e+12
36 1.9287280798195598e-08 2.4282092680512575e+15
37 1.8089771523152031e-08 4.9129689090734830e+15
38 1.7351722928321524e-08 2.6319861398316345e+15
39 1.6055637156552393e-08 2.7846677983165240e+15
