0 1.1179214786656115e-04 9.3604715065458679e+11
1 3.5703411935029619e-05 2.4807068580319795e+12
2 1.4374013161137299e-05 7.1574240103416846e+11
3 7.8461397007403091e-06 7.3818380082904824e+12
4 3.7462892305815344e-06 2.1760313540171567e+11
5 2.2666580091819133e-06 6.6701142307069153e+11
6 1.6252289241805178e-06 9.7465842198025059e+12
7 1.2077888175559807e-06 5.0554833949202471e+12
8 9.2869150798350150e-07 3.0378974327152773e+13
9 7.6203804464129469e-07 2.5375135435674100e+11
10 5.6803877741107373e-07 4.8940908443051641e+13
11 4.0683223688872529e-07 3.4787997059819697e+12
12 2.1805946418580332e-07 8.2533193335928500e+13
13 2.0973127765845606e-07 7.3330818018640562e+13
14 1.8096449386746449e-07 1.2610491965228709e+13
15 1.5046174378485746e-07 5.3132822789345703e+12
16 1.3884674003837095e-07 1.6991774751169773e+12
17 1.3746802174649429e-07 4.1527462584506406e+12
18 1.0100880944689815e-07 5.3626794833593340e+12
19 8.4833200457326800e-08 4.0205708886724573e+11
20 7.7756309009825735e-08 2.8663055676339938e+13
21 7.2178355616484360e-08 1.6261273323050916e+12
22 6.7682104733488647e-08 1.7911662336967459e+14
23 5.7063984438617763e-08 9.1447106288738174e+10
24 4.7933476208299050e-08 1.9297269994287919e+14
25 4.2620705308259943e-08 1.3795106265341473e+14
26 3.9898882976402573e-08 2.8324843220991680e+13
27 3.6106010287442995e-08 4.5178295981108195e+13
28 3.4396779399040960e-08 1.7103530313918406e+12
29 3.1095611552058542e-08 1.0134912929454841e+14
30 2.9816119292261004e-08 3.1362847890596582e+13
31 2.9009182945129289e-08 3.9310180474361581e+14
32 2.4370517231021369e-08 6.3650649379850172e+13
33 2.3537313806780103e-08 3.1051496789796289e+13
34 2.1851804202937715e-08 3.1199389638619494e+14
35 2.0570663563471686e-08 3.0169847010893000e+13
36 1.9287280798195598e-08 8.4775010529547646e+12
37 1.8089771523152031e-08 5.6004272212505648e+13
38 1.7351722928321524e-08 9.6536863170900801e+12
39 1.6055637156552393e-08 5.2019049985138706e+14
